# This file may be used to create an environment using:
# $ conda create --name <env> --file <this file>
# platform: win-64
# created-by: conda 25.7.0
blas=1.0=mkl
bzip2=1.0.8=h2bbff1b_6
ca-certificates=2025.12.2=haa95532_0
cairo=1.18.4=he9e932c_0
contourpy=1.3.3=py312h214f63a_0
cycler=0.12.1=py312haa95532_0
expat=2.7.4=hd7fb8db_0
fontconfig=2.15.0=hd211d86_0
fonttools=4.61.0=py312h02ab6af_0
freetype=2.14.1=hfbffc0b_0
graphite2=1.3.14=hd77b12b_1
harfbuzz=12.3.0=h3ef6528_1
icu=73.1=h6c2663c_0
intel-openmp=2025.0.0=haa95532_1164
jpeg=9f=ha349fce_0
kiwisolver=1.4.9=py312h03f52e7_0
lcms2=2.16=hb4a4139_0
lerc=3.0=hd77b12b_0
libdeflate=1.17=h2bbff1b_1
libexpat=2.7.4=hd7fb8db_0
libffi=3.4.4=hd77b12b_1
libglib=2.86.3=h9bccc14_0
libhwloc=2.12.1=default_hfa10c62_1000
libiconv=1.18=hc89ec93_0
libkrb5=1.22.1=hb237eb7_0
libpng=1.6.55=h2854ad3_0
libpq=17.6=h64815fc_1
libtiff=4.5.1=hd77b12b_0
libwebp-base=1.6.0=hbf3958f_0
libxml2=2.13.9=h6201b9f_0
libzlib=1.3.1=h02ab6af_0
lz4-c=1.9.4=h2bbff1b_1
matplotlib=3.10.8=py312haa95532_0
matplotlib-base=3.10.8=py312h26e45b9_0
mkl=2025.0.0=h5da7b33_930
mkl-service=2.5.2=py312h0b37514_0
mkl_fft=2.1.1=py312h300f80d_0
mkl_random=1.3.0=py312ha5e6156_0
mysql-common=9.3.0=h0b12ad4_5
mysql-libs=9.3.0=hcb0c519_5
numpy=2.4.3=py312h22cce72_0
numpy-base=2.4.3=py312h1df51cf_0
openjpeg=2.5.2=hae555c5_0
openssl=3.5.5=hbb43b14_0
packaging=25.0=py312haa95532_1
pandas=3.0.1=py312hf6ff4c0_0
pcre2=10.46=h5740b90_0
pillow=11.1.0=py312h096bfcc_0
pip=26.0.1=pyhc872135_0
pixman=0.46.4=h4043f72_0
pyparsing=3.2.5=py312haa95532_0
pyqt=6.10.2=py312hbb189eb_1
pyqt6-sip=13.11.0=py312h630b2a1_1
python=3.12.0=h1d929f7_0
python-dateutil=2.9.0post0=py312haa95532_2
python-tzdata=2025.3=pyhd3eb1b0_0
qtbase=6.10.2=h7604b34_0
qtdeclarative=6.10.2=h1c18438_0
qtsvg=6.10.2=h83a203b_0
qttools=6.10.2=h3ada859_0
qtwebchannel=6.10.2=hdb80409_0
qtwebsockets=6.10.2=he9ef41a_0
setuptools=80.10.2=py312haa95532_0
sip=6.15.1=py312h9561cc3_0
six=1.17.0=py312haa95532_0
sqlite=3.51.2=hee5a0db_0
tbb=2022.3.0=h90c84d6_0
tbb-devel=2022.3.0=h90c84d6_0
tk=8.6.15=hf199647_0
tornado=6.5.4=py312h02ab6af_0
tzdata=2026a=he532380_0
ucrt=10.0.22621.0=haa95532_0
vc=14.3=h2df5915_10
vc14_runtime=14.44.35208=h4927774_10
vs2015_runtime=14.44.35208=ha6b5a95_10
wheel=0.46.3=py312haa95532_0
xz=5.8.2=h53af0af_0
zlib=1.3.1=h02ab6af_0
zstd=1.5.7=h56299aa_0
